xk = 908361
yk = 149809143
zk = 75825
ck = 29107540
IG = 1
MG = 8
 C = 80
CE = 1
FC = 1
 S = 0
 P = 0.125000

Regeneración:
tr = 212
y = -0.100000x + 375.000000
